0.7443091 0.08733733 0.2058481 0.6626166 0.334644 0.1999472 0.5446441 -0.05185713 0.5286462 -0.04635696 0.2753982 0.2471272 -0.007112131 0.6089793 0.1177509 0.2744942 -0.1858706 0.6958128 0.5189546 0.4137759 0.5306451 0.609447 0.5749014 0.2916824 -0.05094716 0.3243577 0.6553039 0.5905393 0.4037569 -0.1573375 0.6564064 0.04988854 0.7340194 0.2724439 0.3092492 0.5105699 0.5926442 0.2565281 -0.1306148 -0.04521725 0.3968653 0.3065084 0.4019535 0.7244228 0.2492373 
0.0004203022 0.3173704 -0.2069156 0.1959595 0.01190029 0.7590533 0.5250618 0.1023759 -0.1457952 0.4104159 -0.09513789 0.2824359 0.6841657 0.4835637 -0.2197137 0.3146432 0.7241048 0.314386 0.4559837 0.06723662 -0.004490346 0.2831078 0.4904439 0.06973009 0.3771809 0.45185 0.3276013 0.5964276 0.3341719 -0.2130895 -0.005863309 -0.02250646 0.6204786 -0.1875549 0.7186325 -0.2230127 0.6322196 0.1645798 0.1618566 -0.1463909 -0.09865545 0.7175125 0.6498147 0.6320279 0.1743871 
-0.001865968 0.6784785 0.5429643 -0.1409011 0.4101395 0.4427605 0.7621224 0.7159698 0.4271862 0.02372761 0.4873125 0.5969263 0.4933543 0.5887785 0.3300503 0.2014519 0.6986343 0.538204 -0.1627058 0.1862793 0.6973686 0.4319572 0.6417206 0.5349311 -0.226701 0.4524237 0.329525 -0.0774706 0.3723745 -0.06410792 0.04799707 0.4032931 0.6284161 0.6653429 0.1490469 0.5433715 0.554637 0.5073287 0.6940323 0.1141501 0.002014279 0.03152375 -0.03670761 0.5587175 0.001320034 
-0.04993902 -0.09113474 0.3458013 0.6018063 0.4221572 -0.02728973 -0.05069147 0.5825204 0.2157486 0.2470186 0.3361768 -0.1932421 -0.2219668 -0.1442001 0.7277158 -0.1167645 0.609593 0.1135952 0.2612941 0.7457305 -0.1459807 0.7385103 0.5980113 0.2097316 0.5566788 0.416815 -0.03869441 0.6141717 0.4931442 -0.045735 0.4358448 0.2386649 -0.1469969 0.3036111 0.593238 0.3135584 0.7537237 0.09072311 0.7202173 0.7331818 -0.1313115 0.5907727 0.1826675 0.1883243 0.5828701 
0.5066136 0.5466037 0.4215288 0.7363165 0.0009145588 0.1624213 0.6879285 0.4719982 0.582987 -0.08269933 -0.01844929 0.08085389 -0.09393035 -0.1848725 -0.2246578 -0.2185953 0.1051368 -0.1406237 0.03148361 0.5811738 -0.1324882 0.7237548 0.2444221 0.03256188 0.1841574 -0.1004882 0.2888699 0.1633779 0.2981123 0.647042 0.03324668 0.3258428 0.179687 0.3968614 -0.1799349 0.6402112 0.3097768 0.6478552 0.2622296 0.5618437 0.5179163 0.5366666 0.04001613 0.1563105 0.3816873 
0.002704531 0.6176541 0.04559557 0.7148751 0.7217771 0.5335517 0.5013964 -0.07881613 0.3771505 0.4853583 0.5528588 0.07218169 0.1589669 0.3221591 -0.1285972 0.6435513 0.2945506 -0.05611408 0.705945 0.654054 0.4257079 0.6711669 0.2792082 0.7650624 -0.09486899 0.2416279 0.2272816 0.3671467 0.2396399 -0.1667425 0.1008452 0.4537387 -0.1418884 0.4208745 -0.04854712 0.05185767 0.01327433 0.2185028 0.3463352 -0.1165097 0.3018503 0.1746589 0.5725365 0.6815031 0.03720637 
0.3380295 -0.07919012 0.09569608 0.1608268 0.6882923 -0.00663434 0.3627807 0.1040712 0.2722564 0.7259794 0.1015376 0.1084459 0.05053316 0.5797441 0.2501493 0.07627003 -0.09575033 0.451544 0.313893 0.1545131 -0.1308799 -0.01592995 0.5080923 0.1407062 0.5895451 0.400277 -0.1539522 0.3675507 0.5924546 0.1222037 0.02104898 -0.1313696 0.367705 0.497856 0.3371015 0.09081797 -0.09841444 -0.02368008 0.3213475 0.6098918 0.5080645 0.1196675 0.3558552 0.4648951 0.6199152 
0.7134117 0.7327411 0.4087586 -0.1338141 0.5772202 0.1676006 0.4931149 0.02864341 0.29699 -0.06191376 0.1239595 0.1827175 0.7249898 0.3412816 0.05801527 -0.08268218 0.7652299 0.2816165 -0.07994726 0.4749304 0.002907202 0.5107408 0.3226771 0.01264262 -0.07066871 -0.05531552 0.6979297 -0.09980357 0.4740012 0.4164486 0.5194526 0.3982149 -0.1868028 0.290791 0.6461334 0.4375359 0.2072891 0.2713648 -0.2147656 0.7246031 0.297934 0.609987 -0.159285 0.3297698 -0.01685801 
0.6781004 -0.0534043 0.4050383 0.03333224 0.462574 0.5128345 0.6080509 0.2058024 0.7599647 0.387008 -0.02732907 0.180064 0.166116 0.7068546 0.4025357 0.2396709 0.3629185 0.3246422 0.6505414 0.1886336 0.4957446 0.1395204 0.2041989 0.4651483 0.3904794 0.4800286 0.2638651 0.2663821 -0.03455037 -0.05300361 0.1629202 0.4400258 0.7629073 -0.2004994 0.02123083 0.7680888 0.06289147 0.6368642 -0.2185728 0.673614 0.6814016 -0.03758755 -0.1767676 0.6737829 0.4434624 
0.02747189 -0.1888269 0.3345102 0.1526986 0.2549322 0.7050155 0.05534478 -0.03982642 -0.08886385 0.2573974 0.3085801 0.5123968 0.70989 0.4128528 0.7525453 0.01896942 0.1116689 0.01035279 0.5829684 -0.00591214 0.3026451 0.1871566 0.1366154 0.4556237 0.404447 -0.0532206 0.4960543 0.313215 0.7469273 0.277232 0.3033321 0.08628793 0.3004159 -0.2083142 0.1330075 0.4388556 0.6993549 -0.1163165 0.4805174 0.01198086 -0.1224246 0.2498523 0.6217712 0.3121032 0.4826507 
0.02569197 0.1230014 -0.005988687 -0.2011182 0.4246446 0.3397327 0.7220597 0.01026407 0.4496951 -0.08918266 0.6103152 0.4445577 0.6488864 0.5182516 0.07815282 -0.02103879 0.5121297 -0.01675378 0.4039041 0.7240652 -0.007707834 -0.01801918 0.6882041 0.04984535 0.08368976 0.08961453 -0.002014592 0.2998354 0.3409874 -0.1134875 -0.1772072 0.3353854 0.5945122 0.742973 0.148755 0.593778 0.272043 0.2843332 0.0922827 0.7074993 0.3512725 -0.1539761 0.6207209 0.6508685 0.2926922 
0.7642979 -0.1795315 0.1354318 0.1723646 -0.1969804 0.1354456 0.03660606 -0.01213293 0.358038 0.2603586 -0.1862889 0.2047973 0.7141659 0.4851921 0.1050301 0.1117473 0.1922243 0.4392766 0.3331826 -0.1419755 0.04492982 0.6200455 0.6759133 0.1394966 0.2543749 0.4769182 -0.002203465 0.6609635 0.4664049 0.1427927 -0.0837317 0.1312599 -0.1926644 0.5271531 0.08939187 0.03914605 0.6325536 -0.1025292 0.3079678 0.5210668 0.5561867 0.1175184 0.006474167 0.2526145 0.1050439 
0.1589807 0.327877 0.5691411 0.7572526 0.3657519 -0.0709518 0.1767472 0.05753832 0.5628439 0.01776242 -0.08574761 -0.08544488 0.7659352 0.6879897 0.09610142 -0.09235089 0.1456425 0.2914622 -0.01475476 0.1140902 0.4524512 0.1674616 -0.04298712 0.1658002 -0.1641159 0.2491937 0.06475349 -0.09869123 0.5821158 0.0718378 0.6974115 0.3835713 0.1932989 -0.1955473 -0.1346058 -0.0809588 0.1986554 0.6737109 -0.1293471 -0.01625545 0.5095211 -0.1562784 0.01449168 0.2793906 -0.05486053 
-0.1054091 0.6366183 -0.02051894 -0.01813361 0.3834177 0.1805442 0.5960561 -0.2087711 -0.09147577 0.4225926 0.761519 0.1408641 0.1733409 0.6913685 -0.1134418 0.6342947 0.04543848 0.2454225 0.2610062 0.09035094 0.3006811 0.4912562 0.7314825 0.5925955 -0.05293977 0.4789937 0.2419316 0.1908093 -0.2284993 0.3745692 0.3787296 -0.07703002 0.4476222 -0.009339258 0.7112931 0.3825754 -0.1447276 0.6894423 -0.03130192 0.6612936 -0.1286447 0.3623424 0.05477463 0.15186 -0.1261248 
0.5481771 -0.2046855 0.7523424 0.7540947 0.1194498 0.2340826 0.368299 0.5234855 -0.04096028 0.4144584 0.1733347 0.6751357 0.1568855 -0.1951938 0.674424 0.7086126 0.1752469 -0.2102718 0.303955 -0.186137 0.608549 0.4632419 -0.04731984 0.7500753 0.2739828 0.5490223 0.1259961 0.04672442 0.3697125 -0.01100439 0.7083386 0.2064816 0.3496225 0.4887203 0.1688832 0.4536792 0.2595892 0.2067145 0.4220508 -0.08951341 -0.2195694 0.1694845 0.2585825 0.3462023 0.3079584 
0.4774396 0.4683869 0.6546362 0.06427412 0.722681 0.4661084 0.3426141 0.5208195 0.107997 0.0353262 -0.1450649 0.6126343 -0.2277329 0.2501119 0.3404276 -0.1219135 0.09157459 -0.07622707 0.7400441 0.4761198 0.7368531 0.09551324 0.4381652 0.4059229 -0.00925523 0.2190234 0.7385323 0.1376774 0.1634684 -0.1965676 0.2090646 -0.02534054 0.3764778 0.2121169 0.5665431 -0.1493646 0.2413599 0.7524503 0.4170316 0.2928872 0.1357245 0.455662 0.01162547 0.2233941 0.08394806 
0.6110449 0.2573221 0.7266026 -0.1483767 -0.1975999 0.458856 0.01571153 0.2885383 0.6400825 0.3411054 0.1519264 -0.1997784 0.01871322 -0.1564707 0.2736576 0.4975761 -0.02506325 0.1273511 0.07456465 0.5962616 0.6502756 0.006156504 0.3301502 0.4535688 0.2597921 0.4067266 0.1091243 0.2767413 0.2171569 0.1103953 0.05119102 -0.1461122 -0.01522888 0.09197493 0.1496999 0.7317013 -0.2180703 0.05605413 0.1310683 0.1145764 -0.03664698 0.456121 0.5063952 0.6410115 0.1846167 
-0.1795863 -0.007353336 0.678921 -0.08662599 0.565311 -0.06921226 0.09831093 0.7070608 0.3971325 0.2036724 0.3748884 0.6971719 0.04303373 0.3618311 0.1656735 0.1197317 0.5089701 -0.1586185 0.2996873 0.0599144 0.06803863 0.5854505 0.6967382 0.4638294 0.3119563 0.4856464 0.6888826 0.7662828 0.7299882 0.4029086 -0.03584541 0.2697613 0.4591387 0.03895213 0.2093784 0.1840799 0.2002033 0.1333673 0.4218459 -0.05039248 0.7228801 -0.08317305 0.3576387 0.6583025 0.5448115 
-0.1954706 0.508896 0.464223 0.7353948 0.7648447 0.2243828 0.3847396 -0.02329206 0.351097 -0.1134219 0.004963219 0.06590839 -0.01490843 0.3714177 -0.1503353 0.0119051 0.1020281 0.7470725 0.7642238 0.009517804 -0.1248729 0.008033246 -0.2259184 -0.07754734 0.7515936 0.6895284 0.1456028 0.1895356 0.1200798 0.1070343 -0.07878834 -0.002188146 -0.1915642 0.6890179 0.2774269 0.7467504 -0.005340397 -0.199112 0.7351435 -0.05147423 0.3494149 0.0630533 -0.1219584 -0.07762596 -0.0255848 
-0.1118285 -0.0148883 0.5319496 0.3421812 0.7077024 0.3908519 -0.06024562 0.3634148 0.4187847 0.4396844 0.5664961 0.5048144 0.3117703 0.7538012 -0.1546838 -0.15122 -0.03479595 0.6266281 0.01406276 0.7353664 -0.2228486 0.02747263 0.06607367 -0.1360092 -0.1270857 -0.2127545 0.07114016 -0.218071 0.5856981 0.4301028 0.5820738 -0.1000084 0.6217075 0.7180374 0.633422 0.4744167 0.3836532 0.6173543 0.1823774 0.4861823 0.7514573 0.404397 0.159651 0.0193335 0.4809308 
0.0119359 0.4528892 -0.1829132 0.6598273 -0.1302543 0.1542109 0.2064252 0.6339788 -0.04299237 -0.03273615 0.6306989 0.689038 0.4379588 0.2392669 0.6904569 0.0897118 -0.07217459 0.5477167 0.7586818 0.6276106 0.4365045 0.6531069 0.3637329 -0.1096209 0.1408995 0.2351268 0.1178497 0.2142507 0.2978804 0.7539091 0.1427543 0.6378216 -0.1832598 0.15306 0.6309784 0.1043562 0.02405338 -0.1078984 0.4859523 0.0458919 0.1456486 0.03601278 0.4346999 0.5207736 -0.2272769 
0.5553787 0.7156944 0.1480875 0.2619205 0.1664705 0.5936319 0.6266803 0.1709691 0.1617229 -0.1855737 0.128829 -0.1408437 0.6967076 0.2889278 0.4046189 -0.1936388 0.7621744 0.1060984 -0.02690151 0.5945095 0.7628773 0.6422978 0.05489878 0.3782884 0.3561006 -0.1643416 -0.1942762 -0.1682356 0.4827899 0.2519619 0.1704917 -0.01159303 0.6129593 -0.112344 0.3555208 0.2894324 0.7397622 0.7223303 -0.09859015 -0.06972273 0.286074 0.2368524 0.4250172 0.1086337 0.2721494 
0.0151999 0.09734575 0.3731738 -0.1486666 0.009530678 0.1534742 0.6999143 0.2316014 0.6962641 -0.2201542 0.6830809 0.4307956 0.539799 0.6758198 0.1008121 0.5579081 0.5649159 0.4581792 0.6797609 0.4139346 -0.08957796 0.01619707 0.5790516 0.703407 -0.1148135 -0.163401 -0.1901558 -0.02531143 -0.1871788 0.07843553 0.2960249 -0.01271941 0.7162651 -0.1238609 0.1109007 0.5083126 0.2025499 0.750431 0.2432593 -0.1315123 0.2405774 0.5268055 0.6866952 -0.1221898 0.44244 
0.6286368 -0.03003685 -0.1834896 0.5705977 0.1423692 0.4911581 0.5486732 0.5152563 0.4646991 0.1317274 0.7690028 0.2882941 0.4397668 0.7361469 -0.05706838 0.11363 0.4952257 0.1887802 0.3878285 0.253821 0.4658002 0.4845305 0.43366 0.334919 0.3624994 0.1253582 0.5844849 -0.01508011 0.5812732 -0.0566428 0.1536165 0.09950186 0.4712414 0.03096701 0.02654968 0.6366358 0.7633337 0.1740908 0.440452 0.3572774 0.5173516 0.2420243 0.02156599 0.5144117 0.1118979 
-0.009981483 0.532783 -0.2157159 0.07032765 0.5248576 0.5153516 0.1080253 0.06886666 0.3939893 0.7466397 -0.08589369 0.3063031 0.2515914 -0.02190173 -0.212989 0.6766732 0.3337533 0.703983 0.2913419 0.7481108 0.4395009 0.5870527 0.1787999 0.4795972 0.07629575 0.1202963 0.09113489 0.5183282 -0.1994489 0.5064692 -0.006224051 0.2329645 0.6892483 -0.006978869 0.1424809 0.3625751 0.5702007 0.6845922 -0.1735844 0.1980056 -0.1844088 -0.1993648 -0.1527478 0.05432726 -0.1175566 
0.1003327 0.2817423 -0.03400743 0.4234411 0.4506041 -0.04640171 0.3080412 0.5002241 0.5363008 0.4423969 0.1729658 0.1239832 0.0746869 0.7640319 0.1745613 0.1942167 0.3596971 0.03831552 0.6575199 0.5228637 0.4511418 0.3870549 0.02857025 0.6056173 0.1944358 -0.1235275 0.4191611 0.6475675 -0.1366637 0.7025197 0.4088657 0.5098006 -0.1055274 0.3671538 0.745963 0.608554 -0.1048577 -0.1351129 0.1199469 0.322871 0.4557347 0.5027404 -0.07705253 0.3206241 0.7395151 
0.008591905 0.2655138 0.6905603 0.4218542 -0.2262112 0.225894 0.5323197 -0.0402678 0.3014635 0.2013016 0.4832778 0.02317207 0.1303752 -0.0009948164 0.3441317 0.3044372 0.4304737 0.4068878 0.6037811 -0.1964688 0.4331653 -0.0004893541 0.4775331 -0.2119311 0.3360074 0.06907444 0.26481 0.6883686 0.104649 -0.1628709 0.7184014 0.2341074 0.4779461 0.6361022 -0.04415604 0.3809586 0.4986008 -0.004286721 -0.1404525 0.2466257 0.646546 0.3200683 0.363009 -0.06414777 0.03268521 
0.3553819 0.534767 0.635882 0.5458152 -0.2115662 -0.204739 -0.1341473 0.08916636 0.2870929 0.07634987 -0.2209187 0.5579807 0.6724914 -0.1441531 0.4747143 0.731084 0.6139511 0.6250832 0.2343345 0.2529002 0.01917042 0.315226 0.264273 -0.1868388 0.733173 0.5758364 0.2047605 0.3173403 0.1271554 -0.0730148 -0.1169031 0.4065016 0.3116809 0.5253837 0.7506254 0.3043073 0.398928 -0.08744664 0.08621515 -0.1881319 0.6225487 -0.08505896 -0.03914681 0.3297523 -0.0532373 
0.5929779 0.5961093 -0.09013358 0.1548331 0.2855417 -0.1974051 0.4649851 -0.1013254 0.452952 -0.2164852 -0.1898441 0.04049404 0.5927207 0.5826421 -0.01740257 0.3605005 0.3185124 0.732011 0.1301077 -0.03674705 0.1425797 0.01629987 -0.08289224 -0.1247786 -0.05959299 0.1021559 0.4713978 0.3088681 0.1924664 0.4003515 -0.1257706 0.1243728 0.7045206 0.6363985 -0.08980486 0.749727 0.06489404 -0.06749289 0.6116136 -0.1056097 0.1881118 0.277827 0.6287288 0.5118689 0.7104695 
0.03381331 0.5762073 0.09991117 -0.1263823 0.2213676 0.07403632 -0.04706994 0.6007454 0.1364994 0.574183 0.346678 0.4490016 -0.195355 -0.01557387 -0.04661423 0.1011972 -0.07388298 0.4762082 -0.1773995 0.6792854 0.4557831 0.1059734 0.7263222 0.442447 0.002870366 0.06560643 0.1560053 -0.1096027 0.005717427 0.5451412 0.6347527 0.157571 0.1752389 -0.0652481 0.6765937 0.2959486 0.1414866 0.2052504 0.7410988 0.09631519 0.6912993 0.2936273 0.3380213 -0.1677845 0.3335171 
0.07072549 0.03024904 0.718081 0.4282278 0.5631931 0.03199477 0.5716187 0.5761284 0.6025835 0.02468638 0.6978399 0.6198851 0.4274641 0.6407473 -0.07423884 0.688031 -0.1674673 0.365028 0.3613582 0.7094303 -0.04089302 0.0437627 0.6398931 0.07783242 0.4274372 0.7297106 0.4908667 0.5051095 0.4962853 0.7579861 -0.06784418 0.5379521 0.6641067 -0.1210701 0.7021449 -0.1946426 0.2079243 0.2321694 0.2125243 0.2831464 -0.166866 0.3514426 0.3426554 0.6800655 0.7487538 
0.4460634 0.4840224 0.334503 0.5853376 0.1782842 0.6287665 0.6985992 0.746663 -0.1072148 0.1444101 -0.2030372 0.1603559 0.4102486 -0.2292093 0.6034825 0.3111281 -0.1634908 -0.1501569 0.6145974 -0.1374695 -0.07011221 0.7257785 0.3185342 0.7086024 -0.1095962 0.2501068 0.3703633 -0.07749628 -0.1517881 0.6462963 0.3776643 0.4711072 0.7298275 0.09907864 0.7513737 0.01568815 -0.07363635 0.6897719 0.08800112 -0.1007805 0.003556579 0.5612891 0.5413215 0.5045198 0.675182 
0.4150015 0.5676757 0.2313787 0.3790418 0.7420182 0.7666247 0.2715996 0.498058 0.587535 0.5888659 0.4902849 -0.06451182 0.3959005 0.4649338 0.6981774 0.02840324 0.5460955 0.6684511 0.01648884 0.5367458 0.09585552 0.2005284 0.08116992 -0.210583 0.3577943 0.1547645 -0.08326267 0.5318419 0.4853778 0.628974 0.1385987 -0.04554299 0.5840144 -0.1965796 0.2454023 0.452431 -0.09101541 0.3134619 -0.1238064 0.6496716 -0.1239353 0.7430492 -0.08770743 0.2802126 0.03108878 
-0.1498 0.3004631 -0.005161926 0.1598237 0.6408163 0.2274611 0.6628379 0.2948326 0.737774 0.3493266 -0.01552695 0.2565058 0.2119618 -0.2087526 0.3572538 0.6198874 0.5097576 -0.2173198 0.728561 0.2202673 0.3058279 0.1214737 0.3624801 -0.0104685 0.01574633 -0.1105813 0.002633587 0.5622576 0.1368172 0.4306811 0.1228063 0.05823581 0.5709572 0.5283282 0.2775944 0.6243013 0.6918992 0.1420182 0.6145616 0.1715129 0.2457608 0.4296244 0.6162405 0.2240938 0.03092925 
-0.03407472 0.4670228 0.2922145 0.2889398 -0.2002157 0.136307 0.730369 -0.04626843 -0.1700546 0.4952608 0.4987262 0.707983 -0.2246934 -0.08592261 0.5213976 -0.005172536 -0.1294197 -0.07198457 0.07709284 -0.003479704 0.6962372 0.4555485 0.4536335 0.283653 0.5029525 0.6979881 0.1377395 -0.06188136 0.3270481 0.7445065 0.6462035 0.2752332 -0.09161368 0.7286022 -0.180179 0.1923959 0.4804191 0.04331778 0.1070329 0.0643741 0.1624372 -0.1254958 0.5110118 -0.1969326 0.5488681 
0.6863183 0.6865927 -0.002059191 -0.1368361 -0.05331457 0.1451804 0.2716089 0.3091477 -0.00242649 0.104692 0.2803767 -0.2166107 -0.2214386 0.5559873 -0.1282039 0.7685675 0.5622504 0.3966835 -0.1445611 0.6190572 -0.006506965 0.5695966 -0.1832957 -0.1357436 0.09900175 0.2844083 0.5972625 0.5909825 -0.2172813 0.6040831 0.591733 0.7145366 0.4205662 0.5047849 0.586634 -0.2186046 -0.09020135 -0.1550453 0.1503627 0.3693261 0.1445946 0.7360855 0.6808128 0.3939102 0.3094442 
0.1790066 0.4718577 0.2573305 0.00523679 0.06580655 0.3701868 0.2478208 0.425573 -0.04598992 0.3253751 -0.1132782 0.6398883 -0.09631555 0.5341622 0.432277 0.3179179 0.4506264 0.2964289 0.1634904 0.282959 0.3358401 0.132823 0.0437765 0.7393532 -0.1395993 0.6287689 0.4872957 0.01632081 0.2561128 0.2444627 0.02740748 0.6587838 0.1927941 0.3248121 0.6899952 0.5825507 0.1099321 0.3557457 0.4869121 0.003896296 0.1139122 0.05896364 0.2365561 -0.05059017 0.4699123 
-0.08849292 -0.2238858 0.0807925 0.4880856 -0.1785919 0.4639682 0.2096566 0.2873223 -0.1190488 0.7436041 -0.1838165 0.1980812 0.2879772 -0.08516392 0.2070377 0.652891 0.001499966 -0.06053986 0.4795474 0.06796761 -0.002062067 0.2170942 0.3488724 0.614167 0.6197263 -0.02201419 -0.1351193 0.5795168 -0.07040587 -0.06095321 0.04687645 0.6662669 -0.1356333 0.03944094 0.7188936 0.6226547 0.1765032 0.2982352 0.2047047 0.5504944 0.5877509 0.1414614 0.08184297 0.3512079 0.6438116 
0.1544696 0.5919549 0.2109096 0.0498745 0.1210052 -0.1175877 -0.1104965 0.5270087 0.6514422 0.2419744 0.4644129 0.1972418 0.2366255 0.6383592 0.6134223 0.3690874 0.4001398 0.1277282 0.7119043 0.4667277 -0.08008337 0.1037145 0.01853622 -0.03405756 0.354383 0.2463879 0.4732648 0.5047554 0.6990529 0.2502167 0.6264765 -0.09474878 0.7676645 0.7403554 0.2352568 0.1560309 0.4239711 0.2996423 0.5785889 -0.1733655 -0.07262705 -0.0907418 -0.01707554 0.5674666 0.02448075 
0.1954129 0.7098777 0.4298759 0.3612823 -0.04859297 -0.04238895 -0.2162668 0.1399386 0.6544802 0.493895 -0.1792449 0.3434187 0.01496717 0.4654915 0.6446173 0.1791475 0.154748 0.5979557 0.1712255 0.3854979 0.3291616 0.1995773 0.2662701 0.1731025 0.2273914 0.7151163 -0.1295025 0.3191393 0.6552699 0.3093547 -0.2193416 -0.10921 0.2210696 0.7114617 -0.07102989 0.3065102 -0.1866112 -0.08652692 0.5176459 0.06260566 0.6127433 0.5353127 -0.1168157 0.01646039 0.1845017 
0.5826123 0.179004 0.6041508 0.7039715 0.417487 0.5426249 0.08130248 0.581699 -0.0480313 0.4653191 0.7658355 0.2136076 0.0267735 -0.09610903 0.006290749 -0.1428865 0.2345938 0.2546687 0.1151254 0.4832366 0.6999651 -0.107651 0.07350548 0.3065214 0.1081072 0.1357587 0.01127495 -0.1496902 -0.1213802 0.5427545 0.563849 0.08639298 0.01980974 0.7586007 0.4147791 0.3061123 0.03634675 0.3851678 0.007782847 0.5367298 0.4693559 0.07909103 0.03910096 0.01614259 -0.06686546 
-0.1370974 0.5566153 -0.2204179 0.2813551 -0.02450787 0.1481495 0.05064394 0.5380588 0.3032238 0.2545367 0.4602633 -0.1245015 0.06762941 0.3658643 0.05172829 0.3013499 0.0009926856 0.4730791 0.1792142 0.67147 0.4494426 -0.03620215 0.03817277 0.2591118 0.4701784 0.5907668 0.619426 0.01688588 0.3483956 -0.2161194 0.390874 0.623248 -0.1726371 0.1433868 0.01520467 0.3491434 0.001692832 0.3389546 0.6731277 0.164605 0.283205 0.3183341 0.4865859 0.2740641 0.7245158 
0.2006138 0.7387173 -0.2106965 0.7260545 0.005379885 0.2383633 0.3760118 0.6298868 0.1146725 0.253692 0.6691047 0.2884425 0.2904702 0.5811768 0.1547254 0.2987235 -0.1962419 -0.04033674 0.2893432 0.6336626 0.6070152 -0.1818644 0.6942425 0.1206597 0.4725848 0.0696571 0.4320381 0.5699514 -0.2153909 0.158265 -0.09889157 0.2472119 0.5341087 0.304596 0.03956456 0.6220495 0.6001225 0.06083132 0.1130157 0.3155174 -0.2151379 0.7633612 0.4826903 0.6596949 0.1161 
-0.1692991 0.4812226 0.5277779 0.2884023 0.6358815 0.249447 0.1286709 -0.03275731 0.4104014 -0.1124994 0.1524783 -0.1855252 0.4386438 0.02346967 0.7057227 0.5763252 0.5760604 0.6152776 0.7264075 0.1225836 0.1918928 0.5243338 0.7558742 0.3116122 0.3026759 0.4686009 0.5129267 0.6166475 0.7438259 0.6188005 0.613654 0.1054452 -0.1954523 -0.2254403 0.411884 0.3584346 0.6742602 0.05154909 -0.08127245 0.678818 0.5424375 0.04996924 -0.1062927 0.1870954 0.6570863 
0.5775747 -0.06852126 -0.1926384 0.1772929 0.5091922 -0.02119833 -0.08191645 0.5262829 0.3071113 0.6942072 0.07636704 0.4953483 -0.01383436 0.7557264 -0.06271935 0.5065203 0.2820233 -0.006583169 0.5616009 0.04384659 -0.182967 -0.220073 0.4340841 0.3815857 0.1172882 0.6720649 0.2945113 0.4665501 -0.1824105 0.350146 -0.08807652 0.4006265 0.3387789 0.4245259 0.4951012 0.3071222 0.4755651 0.2093546 0.004633665 0.4099988 0.4655704 0.3491623 0.2674364 -0.1496475 0.1055169 
