0.004899738 0.004899738 0.004899738 0.004899738 0.004899738 0.004899738 0.004899738 0.004899738 0.004899738 0.004899738 0.004899738 0.004899738 0.004899738 0.004899738 0.004899738 0.004899738 0.004899738 0.004899738 0.004899738 0.004899738 0.004899738 0.004899738 0.004899738 0.004899738 0.004899738 0.004899738 0.004899738 0.004899738 0.004899738 0.004899738 0.004899738 0.004899738 0.004899738 0.004899738 0.004899738 0.004899738 0.004899738 0.004899738 0.004899738 0.004899738 0.004899738 0.004899738 0.004899738 0.004899738 0.004899738 
0.004899738 0.004899738 0.004899738 0.004899738 0.004899738 0.004899738 0.004899738 0.004899738 0.004899738 0.004899738 0.004899738 0.004899738 0.004899738 0.004899738 0.004899738 0.004899738 0.004899738 0.004899738 0.004899738 0.004899738 0.004899738 0.004899738 0.004899738 0.004899738 0.004899738 0.004899738 0.004899738 0.004899738 0.004899738 0.004899738 0.004899738 0.004899738 0.004899738 0.004899738 0.004899738 0.004899738 0.004899738 0.004899738 0.004899738 0.004899738 0.004899738 0.004899738 0.004899738 0.004899738 0.004899738 
0.004899738 0.004899738 0.004899738 0.004899738 0.004899738 0.004899738 0.004899738 0.004899738 0.004899738 0.004899738 0.004899738 0.004899738 0.004899738 0.004899738 0.004899738 0.004899738 0.004899738 0.004899738 0.004899738 0.004899738 0.004899738 0.004899738 0.004899738 0.004899738 0.004899738 0.004899738 0.004899738 0.004899738 0.004899738 0.004899738 0.004899738 0.004899738 0.004899738 0.004899738 0.004899738 0.004899738 0.004899738 0.004899738 0.004899738 0.004899738 0.004899738 0.004899738 0.004899738 0.004899738 0.004899738 
0.004899738 0.004899738 0.004899738 0.004899738 0.004899738 0.004899738 0.004899738 0.004899738 0.004899738 0.004899738 0.004899738 0.004899738 0.004899738 0.004899738 0.004899738 0.004899738 0.004899738 0.004899738 0.004899738 0.004899738 0.004899738 0.004899738 0.004899738 0.004899738 0.004899738 0.004899738 0.004899738 0.004899738 0.004899738 0.004899738 0.004899738 0.004899738 0.004899738 0.004899738 0.004899738 0.004899738 0.004899738 0.004899738 0.004899738 0.004899738 0.004899738 0.004899738 0.004899738 0.004899738 0.004899738 
0.004899738 0.004899738 0.004899738 0.004899738 0.004899738 0.004899738 0.004899738 0.004899738 0.004899738 0.004899738 0.004899738 0.004899738 0.004899738 0.004899738 0.004899738 0.004899738 0.004899738 0.004899738 0.004899738 0.004899738 0.004899738 0.004899738 0.004899738 0.004899738 0.004899738 0.004899738 0.004899738 0.004899738 0.004899738 0.004899738 0.004899738 0.004899738 0.004899738 0.004899738 0.004899738 0.004899738 0.004899738 0.004899738 0.004899738 0.004899738 0.004899738 0.004899738 0.004899738 0.004899738 0.004899738 
0.004899738 0.004899738 0.004899738 0.004899738 0.004899738 0.004899738 0.004899738 0.004899738 0.004899738 0.004899738 0.004899738 0.004899738 0.004899738 0.004899738 0.004899738 0.004899738 0.004899738 0.004899738 0.004899738 0.004899738 0.004899738 0.004899738 0.004899738 0.004899738 0.004899738 0.004899738 0.004899738 0.004899738 0.004899738 0.004899738 0.004899738 0.004899738 0.004899738 0.004899738 0.004899738 0.004899738 0.004899738 0.004899738 0.004899738 0.004899738 0.004899738 0.004899738 0.004899738 0.004899738 0.004899738 
0.004899738 0.004899738 0.004899738 0.004899738 0.004899738 0.004899738 0.004899738 0.004899738 0.004899738 0.004899738 0.004899738 0.004899738 0.004899738 0.004899738 0.004899738 0.004899738 0.004899738 0.004899738 0.004899738 0.004899738 0.004899738 0.004899738 0.004899738 0.004899738 0.004899738 0.004899738 0.004899738 0.004899738 0.004899738 0.004899738 0.004899738 0.004899738 0.004899738 0.004899738 0.004899738 0.004899738 0.004899738 0.004899738 0.004899738 0.004899738 0.004899738 0.004899738 0.004899738 0.004899738 0.004899738 
0.004899738 0.004899738 0.004899738 0.004899738 0.004899738 0.004899738 0.004899738 0.004899738 0.004899738 0.004899738 0.004899738 0.004899738 0.004899738 0.004899738 0.004899738 0.004899738 0.004899738 0.004899738 0.004899738 0.004899738 0.004899738 0.004899738 0.004899738 0.004899738 0.004899738 0.004899738 0.004899738 0.004899738 0.004899738 0.004899738 0.004899738 0.004899738 0.004899738 0.004899738 0.004899738 0.004899738 0.004899738 0.004899738 0.004899738 0.004899738 0.004899738 0.004899738 0.004899738 0.004899738 0.004899738 
0.004899738 0.004899738 0.004899738 0.004899738 0.004899738 0.004899738 0.004899738 0.004899738 0.004899738 0.004899738 0.004899738 0.004899738 0.004899738 0.004899738 0.004899738 0.004899738 0.004899738 0.004899738 0.004899738 0.004899738 0.004899738 0.004899738 0.004899738 0.004899738 0.004899738 0.004899738 0.004899738 0.004899738 0.004899738 0.004899738 0.004899738 0.004899738 0.004899738 0.004899738 0.004899738 0.004899738 0.004899738 0.004899738 0.004899738 0.004899738 0.004899738 0.004899738 0.004899738 0.004899738 0.004899738 
0.004899738 0.004899738 0.004899738 0.004899738 0.004899738 0.004899738 0.004899738 0.004899738 0.004899738 0.004899738 0.004899738 0.004899738 0.004899738 0.004899738 0.004899738 0.004899738 0.004899738 0.004899738 0.004899738 0.004899738 0.004899738 0.004899738 0.004899738 0.004899738 0.004899738 0.004899738 0.004899738 0.004899738 0.004899738 0.004899738 0.004899738 0.004899738 0.004899738 0.004899738 0.004899738 0.004899738 0.004899738 0.004899738 0.004899738 0.004899738 0.004899738 0.004899738 0.004899738 0.004899738 0.004899738 
0.004899738 0.004899738 0.004899738 0.004899738 0.004899738 0.004899738 0.004899738 0.004899738 0.004899738 0.004899738 0.004899738 0.004899738 0.004899738 0.004899738 0.004899738 0.004899738 0.004899738 0.004899738 0.004899738 0.004899738 0.004899738 0.004899738 0.004899738 0.004899738 0.004899738 0.004899738 0.004899738 0.004899738 0.004899738 0.004899738 0.004899738 0.004899738 0.004899738 0.004899738 0.004899738 0.004899738 0.004899738 0.004899738 0.004899738 0.004899738 0.004899738 0.004899738 0.004899738 0.004899738 0.004899738 
0.004899738 0.004899738 0.004899738 0.004899738 0.004899738 0.004899738 0.004899738 0.004899738 0.004899738 0.004899738 0.004899738 0.004899738 0.004899738 0.004899738 0.004899738 0.004899738 0.004899738 0.004899738 0.004899738 0.004899738 0.004899738 0.004899738 0.004899738 0.004899738 0.004899738 0.004899738 0.004899738 0.004899738 0.004899738 0.004899738 0.004899738 0.004899738 0.004899738 0.004899738 0.004899738 0.004899738 0.004899738 0.004899738 0.004899738 0.004899738 0.004899738 0.004899738 0.004899738 0.004899738 0.004899738 
0.004899738 0.004899738 0.004899738 0.004899738 0.004899738 0.004899738 0.004899738 0.004899738 0.004899738 0.004899738 0.004899738 0.004899738 0.004899738 0.004899738 0.004899738 0.004899738 0.004899738 0.004899738 0.004899738 0.004899738 0.004899738 0.004899738 0.004899738 0.004899738 0.004899738 0.004899738 0.004899738 0.004899738 0.004899738 0.004899738 0.004899738 0.004899738 0.004899738 0.004899738 0.004899738 0.004899738 0.004899738 0.004899738 0.004899738 0.004899738 0.004899738 0.004899738 0.004899738 0.004899738 0.004899738 
0.004899738 0.004899738 0.004899738 0.004899738 0.004899738 0.004899738 0.004899738 0.004899738 0.004899738 0.004899738 0.004899738 0.004899738 0.004899738 0.004899738 0.004899738 0.004899738 0.004899738 0.004899738 0.004899738 0.004899738 0.004899738 0.004899738 0.004899738 0.004899738 0.004899738 0.004899738 0.004899738 0.004899738 0.004899738 0.004899738 0.004899738 0.004899738 0.004899738 0.004899738 0.004899738 0.004899738 0.004899738 0.004899738 0.004899738 0.004899738 0.004899738 0.004899738 0.004899738 0.004899738 0.004899738 
0.004899738 0.004899738 0.004899738 0.004899738 0.004899738 0.004899738 0.004899738 0.004899738 0.004899738 0.004899738 0.004899738 0.004899738 0.004899738 0.004899738 0.004899738 0.004899738 0.004899738 0.004899738 0.004899738 0.004899738 0.004899738 0.004899738 0.004899738 0.004899738 0.004899738 0.004899738 0.004899738 0.004899738 0.004899738 0.004899738 0.004899738 0.004899738 0.004899738 0.004899738 0.004899738 0.004899738 0.004899738 0.004899738 0.004899738 0.004899738 0.004899738 0.004899738 0.004899738 0.004899738 0.004899738 
0.004899738 0.004899738 0.004899738 0.004899738 0.004899738 0.004899738 0.004899738 0.004899738 0.004899738 0.004899738 0.004899738 0.004899738 0.004899738 0.004899738 0.004899738 0.004899738 0.004899738 0.004899738 0.004899738 0.004899738 0.004899738 0.004899738 0.004899738 0.004899738 0.004899738 0.004899738 0.004899738 0.004899738 0.004899738 0.004899738 0.004899738 0.004899738 0.004899738 0.004899738 0.004899738 0.004899738 0.004899738 0.004899738 0.004899738 0.004899738 0.004899738 0.004899738 0.004899738 0.004899738 0.004899738 
0.004899738 0.004899738 0.004899738 0.004899738 0.004899738 0.004899738 0.004899738 0.004899738 0.004899738 0.004899738 0.004899738 0.004899738 0.004899738 0.004899738 0.004899738 0.004899738 0.004899738 0.004899738 0.004899738 0.004899738 0.004899738 0.004899738 0.004899738 0.004899738 0.004899738 0.004899738 0.004899738 0.004899738 0.004899738 0.004899738 0.004899738 0.004899738 0.004899738 0.004899738 0.004899738 0.004899738 0.004899738 0.004899738 0.004899738 0.004899738 0.004899738 0.004899738 0.004899738 0.004899738 0.004899738 
0.004899738 0.004899738 0.004899738 0.004899738 0.004899738 0.004899738 0.004899738 0.004899738 0.004899738 0.004899738 0.004899738 0.004899738 0.004899738 0.004899738 0.004899738 0.004899738 0.004899738 0.004899738 0.004899738 0.004899738 0.004899738 0.004899738 0.004899738 0.004899738 0.004899738 0.004899738 0.004899738 0.004899738 0.004899738 0.004899738 0.004899738 0.004899738 0.004899738 0.004899738 0.004899738 0.004899738 0.004899738 0.004899738 0.004899738 0.004899738 0.004899738 0.004899738 0.004899738 0.004899738 0.004899738 
0.004899738 0.004899738 0.004899738 0.004899738 0.004899738 0.004899738 0.004899738 0.004899738 0.004899738 0.004899738 0.004899738 0.004899738 0.004899738 0.004899738 0.004899738 0.004899738 0.004899738 0.004899738 0.004899738 0.004899738 0.004899738 0.004899738 0.004899738 0.004899738 0.004899738 0.004899738 0.004899738 0.004899738 0.004899738 0.004899738 0.004899738 0.004899738 0.004899738 0.004899738 0.004899738 0.004899738 0.004899738 0.004899738 0.004899738 0.004899738 0.004899738 0.004899738 0.004899738 0.004899738 0.004899738 
0.004899738 0.004899738 0.004899738 0.004899738 0.004899738 0.004899738 0.004899738 0.004899738 0.004899738 0.004899738 0.004899738 0.004899738 0.004899738 0.004899738 0.004899738 0.004899738 0.004899738 0.004899738 0.004899738 0.004899738 0.004899738 0.004899738 0.004899738 0.004899738 0.004899738 0.004899738 0.004899738 0.004899738 0.004899738 0.004899738 0.004899738 0.004899738 0.004899738 0.004899738 0.004899738 0.004899738 0.004899738 0.004899738 0.004899738 0.004899738 0.004899738 0.004899738 0.004899738 0.004899738 0.004899738 
0.004899738 0.004899738 0.004899738 0.004899738 0.004899738 0.004899738 0.004899738 0.004899738 0.004899738 0.004899738 0.004899738 0.004899738 0.004899738 0.004899738 0.004899738 0.004899738 0.004899738 0.004899738 0.004899738 0.004899738 0.004899738 0.004899738 0.004899738 0.004899738 0.004899738 0.004899738 0.004899738 0.004899738 0.004899738 0.004899738 0.004899738 0.004899738 0.004899738 0.004899738 0.004899738 0.004899738 0.004899738 0.004899738 0.004899738 0.004899738 0.004899738 0.004899738 0.004899738 0.004899738 0.004899738 
0.004899738 0.004899738 0.004899738 0.004899738 0.004899738 0.004899738 0.004899738 0.004899738 0.004899738 0.004899738 0.004899738 0.004899738 0.004899738 0.004899738 0.004899738 0.004899738 0.004899738 0.004899738 0.004899738 0.004899738 0.004899738 0.004899738 0.004899738 0.004899738 0.004899738 0.004899738 0.004899738 0.004899738 0.004899738 0.004899738 0.004899738 0.004899738 0.004899738 0.004899738 0.004899738 0.004899738 0.004899738 0.004899738 0.004899738 0.004899738 0.004899738 0.004899738 0.004899738 0.004899738 0.004899738 
0.004899738 0.004899738 0.004899738 0.004899738 0.004899738 0.004899738 0.004899738 0.004899738 0.004899738 0.004899738 0.004899738 0.004899738 0.004899738 0.004899738 0.004899738 0.004899738 0.004899738 0.004899738 0.004899738 0.004899738 0.004899738 0.004899738 0.004899738 0.004899738 0.004899738 0.004899738 0.004899738 0.004899738 0.004899738 0.004899738 0.004899738 0.004899738 0.004899738 0.004899738 0.004899738 0.004899738 0.004899738 0.004899738 0.004899738 0.004899738 0.004899738 0.004899738 0.004899738 0.004899738 0.004899738 
0.004899738 0.004899738 0.004899738 0.004899738 0.004899738 0.004899738 0.004899738 0.004899738 0.004899738 0.004899738 0.004899738 0.004899738 0.004899738 0.004899738 0.004899738 0.004899738 0.004899738 0.004899738 0.004899738 0.004899738 0.004899738 0.004899738 0.004899738 0.004899738 0.004899738 0.004899738 0.004899738 0.004899738 0.004899738 0.004899738 0.004899738 0.004899738 0.004899738 0.004899738 0.004899738 0.004899738 0.004899738 0.004899738 0.004899738 0.004899738 0.004899738 0.004899738 0.004899738 0.004899738 0.004899738 
0.004899738 0.004899738 0.004899738 0.004899738 0.004899738 0.004899738 0.004899738 0.004899738 0.004899738 0.004899738 0.004899738 0.004899738 0.004899738 0.004899738 0.004899738 0.004899738 0.004899738 0.004899738 0.004899738 0.004899738 0.004899738 0.004899738 0.004899738 0.004899738 0.004899738 0.004899738 0.004899738 0.004899738 0.004899738 0.004899738 0.004899738 0.004899738 0.004899738 0.004899738 0.004899738 0.004899738 0.004899738 0.004899738 0.004899738 0.004899738 0.004899738 0.004899738 0.004899738 0.004899738 0.004899738 
0.004899738 0.004899738 0.004899738 0.004899738 0.004899738 0.004899738 0.004899738 0.004899738 0.004899738 0.004899738 0.004899738 0.004899738 0.004899738 0.004899738 0.004899738 0.004899738 0.004899738 0.004899738 0.004899738 0.004899738 0.004899738 0.004899738 0.004899738 0.004899738 0.004899738 0.004899738 0.004899738 0.004899738 0.004899738 0.004899738 0.004899738 0.004899738 0.004899738 0.004899738 0.004899738 0.004899738 0.004899738 0.004899738 0.004899738 0.004899738 0.004899738 0.004899738 0.004899738 0.004899738 0.004899738 
0.004899738 0.004899738 0.004899738 0.004899738 0.004899738 0.004899738 0.004899738 0.004899738 0.004899738 0.004899738 0.004899738 0.004899738 0.004899738 0.004899738 0.004899738 0.004899738 0.004899738 0.004899738 0.004899738 0.004899738 0.004899738 0.004899738 0.004899738 0.004899738 0.004899738 0.004899738 0.004899738 0.004899738 0.004899738 0.004899738 0.004899738 0.004899738 0.004899738 0.004899738 0.004899738 0.004899738 0.004899738 0.004899738 0.004899738 0.004899738 0.004899738 0.004899738 0.004899738 0.004899738 0.004899738 
0.004899738 0.004899738 0.004899738 0.004899738 0.004899738 0.004899738 0.004899738 0.004899738 0.004899738 0.004899738 0.004899738 0.004899738 0.004899738 0.004899738 0.004899738 0.004899738 0.004899738 0.004899738 0.004899738 0.004899738 0.004899738 0.004899738 0.004899738 0.004899738 0.004899738 0.004899738 0.004899738 0.004899738 0.004899738 0.004899738 0.004899738 0.004899738 0.004899738 0.004899738 0.004899738 0.004899738 0.004899738 0.004899738 0.004899738 0.004899738 0.004899738 0.004899738 0.004899738 0.004899738 0.004899738 
0.004899738 0.004899738 0.004899738 0.004899738 0.004899738 0.004899738 0.004899738 0.004899738 0.004899738 0.004899738 0.004899738 0.004899738 0.004899738 0.004899738 0.004899738 0.004899738 0.004899738 0.004899738 0.004899738 0.004899738 0.004899738 0.004899738 0.004899738 0.004899738 0.004899738 0.004899738 0.004899738 0.004899738 0.004899738 0.004899738 0.004899738 0.004899738 0.004899738 0.004899738 0.004899738 0.004899738 0.004899738 0.004899738 0.004899738 0.004899738 0.004899738 0.004899738 0.004899738 0.004899738 0.004899738 
0.004899738 0.004899738 0.004899738 0.004899738 0.004899738 0.004899738 0.004899738 0.004899738 0.004899738 0.004899738 0.004899738 0.004899738 0.004899738 0.004899738 0.004899738 0.004899738 0.004899738 0.004899738 0.004899738 0.004899738 0.004899738 0.004899738 0.004899738 0.004899738 0.004899738 0.004899738 0.004899738 0.004899738 0.004899738 0.004899738 0.004899738 0.004899738 0.004899738 0.004899738 0.004899738 0.004899738 0.004899738 0.004899738 0.004899738 0.004899738 0.004899738 0.004899738 0.004899738 0.004899738 0.004899738 
0.004899738 0.004899738 0.004899738 0.004899738 0.004899738 0.004899738 0.004899738 0.004899738 0.004899738 0.004899738 0.004899738 0.004899738 0.004899738 0.004899738 0.004899738 0.004899738 0.004899738 0.004899738 0.004899738 0.004899738 0.004899738 0.004899738 0.004899738 0.004899738 0.004899738 0.004899738 0.004899738 0.004899738 0.004899738 0.004899738 0.004899738 0.004899738 0.004899738 0.004899738 0.004899738 0.004899738 0.004899738 0.004899738 0.004899738 0.004899738 0.004899738 0.004899738 0.004899738 0.004899738 0.004899738 
0.004899738 0.004899738 0.004899738 0.004899738 0.004899738 0.004899738 0.004899738 0.004899738 0.004899738 0.004899738 0.004899738 0.004899738 0.004899738 0.004899738 0.004899738 0.004899738 0.004899738 0.004899738 0.004899738 0.004899738 0.004899738 0.004899738 0.004899738 0.004899738 0.004899738 0.004899738 0.004899738 0.004899738 0.004899738 0.004899738 0.004899738 0.004899738 0.004899738 0.004899738 0.004899738 0.004899738 0.004899738 0.004899738 0.004899738 0.004899738 0.004899738 0.004899738 0.004899738 0.004899738 0.004899738 
0.004899738 0.004899738 0.004899738 0.004899738 0.004899738 0.004899738 0.004899738 0.004899738 0.004899738 0.004899738 0.004899738 0.004899738 0.004899738 0.004899738 0.004899738 0.004899738 0.004899738 0.004899738 0.004899738 0.004899738 0.004899738 0.004899738 0.004899738 0.004899738 0.004899738 0.004899738 0.004899738 0.004899738 0.004899738 0.004899738 0.004899738 0.004899738 0.004899738 0.004899738 0.004899738 0.004899738 0.004899738 0.004899738 0.004899738 0.004899738 0.004899738 0.004899738 0.004899738 0.004899738 0.004899738 
0.004899738 0.004899738 0.004899738 0.004899738 0.004899738 0.004899738 0.004899738 0.004899738 0.004899738 0.004899738 0.004899738 0.004899738 0.004899738 0.004899738 0.004899738 0.004899738 0.004899738 0.004899738 0.004899738 0.004899738 0.004899738 0.004899738 0.004899738 0.004899738 0.004899738 0.004899738 0.004899738 0.004899738 0.004899738 0.004899738 0.004899738 0.004899738 0.004899738 0.004899738 0.004899738 0.004899738 0.004899738 0.004899738 0.004899738 0.004899738 0.004899738 0.004899738 0.004899738 0.004899738 0.004899738 
0.004899738 0.004899738 0.004899738 0.004899738 0.004899738 0.004899738 0.004899738 0.004899738 0.004899738 0.004899738 0.004899738 0.004899738 0.004899738 0.004899738 0.004899738 0.004899738 0.004899738 0.004899738 0.004899738 0.004899738 0.004899738 0.004899738 0.004899738 0.004899738 0.004899738 0.004899738 0.004899738 0.004899738 0.004899738 0.004899738 0.004899738 0.004899738 0.004899738 0.004899738 0.004899738 0.004899738 0.004899738 0.004899738 0.004899738 0.004899738 0.004899738 0.004899738 0.004899738 0.004899738 0.004899738 
0.004899738 0.004899738 0.004899738 0.004899738 0.004899738 0.004899738 0.004899738 0.004899738 0.004899738 0.004899738 0.004899738 0.004899738 0.004899738 0.004899738 0.004899738 0.004899738 0.004899738 0.004899738 0.004899738 0.004899738 0.004899738 0.004899738 0.004899738 0.004899738 0.004899738 0.004899738 0.004899738 0.004899738 0.004899738 0.004899738 0.004899738 0.004899738 0.004899738 0.004899738 0.004899738 0.004899738 0.004899738 0.004899738 0.004899738 0.004899738 0.004899738 0.004899738 0.004899738 0.004899738 0.004899738 
0.004899738 0.004899738 0.004899738 0.004899738 0.004899738 0.004899738 0.004899738 0.004899738 0.004899738 0.004899738 0.004899738 0.004899738 0.004899738 0.004899738 0.004899738 0.004899738 0.004899738 0.004899738 0.004899738 0.004899738 0.004899738 0.004899738 0.004899738 0.004899738 0.004899738 0.004899738 0.004899738 0.004899738 0.004899738 0.004899738 0.004899738 0.004899738 0.004899738 0.004899738 0.004899738 0.004899738 0.004899738 0.004899738 0.004899738 0.004899738 0.004899738 0.004899738 0.004899738 0.004899738 0.004899738 
0.004899738 0.004899738 0.004899738 0.004899738 0.004899738 0.004899738 0.004899738 0.004899738 0.004899738 0.004899738 0.004899738 0.004899738 0.004899738 0.004899738 0.004899738 0.004899738 0.004899738 0.004899738 0.004899738 0.004899738 0.004899738 0.004899738 0.004899738 0.004899738 0.004899738 0.004899738 0.004899738 0.004899738 0.004899738 0.004899738 0.004899738 0.004899738 0.004899738 0.004899738 0.004899738 0.004899738 0.004899738 0.004899738 0.004899738 0.004899738 0.004899738 0.004899738 0.004899738 0.004899738 0.004899738 
0.004899738 0.004899738 0.004899738 0.004899738 0.004899738 0.004899738 0.004899738 0.004899738 0.004899738 0.004899738 0.004899738 0.004899738 0.004899738 0.004899738 0.004899738 0.004899738 0.004899738 0.004899738 0.004899738 0.004899738 0.004899738 0.004899738 0.004899738 0.004899738 0.004899738 0.004899738 0.004899738 0.004899738 0.004899738 0.004899738 0.004899738 0.004899738 0.004899738 0.004899738 0.004899738 0.004899738 0.004899738 0.004899738 0.004899738 0.004899738 0.004899738 0.004899738 0.004899738 0.004899738 0.004899738 
0.004899738 0.004899738 0.004899738 0.004899738 0.004899738 0.004899738 0.004899738 0.004899738 0.004899738 0.004899738 0.004899738 0.004899738 0.004899738 0.004899738 0.004899738 0.004899738 0.004899738 0.004899738 0.004899738 0.004899738 0.004899738 0.004899738 0.004899738 0.004899738 0.004899738 0.004899738 0.004899738 0.004899738 0.004899738 0.004899738 0.004899738 0.004899738 0.004899738 0.004899738 0.004899738 0.004899738 0.004899738 0.004899738 0.004899738 0.004899738 0.004899738 0.004899738 0.004899738 0.004899738 0.004899738 
0.004899738 0.004899738 0.004899738 0.004899738 0.004899738 0.004899738 0.004899738 0.004899738 0.004899738 0.004899738 0.004899738 0.004899738 0.004899738 0.004899738 0.004899738 0.004899738 0.004899738 0.004899738 0.004899738 0.004899738 0.004899738 0.004899738 0.004899738 0.004899738 0.004899738 0.004899738 0.004899738 0.004899738 0.004899738 0.004899738 0.004899738 0.004899738 0.004899738 0.004899738 0.004899738 0.004899738 0.004899738 0.004899738 0.004899738 0.004899738 0.004899738 0.004899738 0.004899738 0.004899738 0.004899738 
0.004899738 0.004899738 0.004899738 0.004899738 0.004899738 0.004899738 0.004899738 0.004899738 0.004899738 0.004899738 0.004899738 0.004899738 0.004899738 0.004899738 0.004899738 0.004899738 0.004899738 0.004899738 0.004899738 0.004899738 0.004899738 0.004899738 0.004899738 0.004899738 0.004899738 0.004899738 0.004899738 0.004899738 0.004899738 0.004899738 0.004899738 0.004899738 0.004899738 0.004899738 0.004899738 0.004899738 0.004899738 0.004899738 0.004899738 0.004899738 0.004899738 0.004899738 0.004899738 0.004899738 0.004899738 
0.004899738 0.004899738 0.004899738 0.004899738 0.004899738 0.004899738 0.004899738 0.004899738 0.004899738 0.004899738 0.004899738 0.004899738 0.004899738 0.004899738 0.004899738 0.004899738 0.004899738 0.004899738 0.004899738 0.004899738 0.004899738 0.004899738 0.004899738 0.004899738 0.004899738 0.004899738 0.004899738 0.004899738 0.004899738 0.004899738 0.004899738 0.004899738 0.004899738 0.004899738 0.004899738 0.004899738 0.004899738 0.004899738 0.004899738 0.004899738 0.004899738 0.004899738 0.004899738 0.004899738 0.004899738 
0.004899738 0.004899738 0.004899738 0.004899738 0.004899738 0.004899738 0.004899738 0.004899738 0.004899738 0.004899738 0.004899738 0.004899738 0.004899738 0.004899738 0.004899738 0.004899738 0.004899738 0.004899738 0.004899738 0.004899738 0.004899738 0.004899738 0.004899738 0.004899738 0.004899738 0.004899738 0.004899738 0.004899738 0.004899738 0.004899738 0.004899738 0.004899738 0.004899738 0.004899738 0.004899738 0.004899738 0.004899738 0.004899738 0.004899738 0.004899738 0.004899738 0.004899738 0.004899738 0.004899738 0.004899738 
0.004899738 0.004899738 0.004899738 0.004899738 0.004899738 0.004899738 0.004899738 0.004899738 0.004899738 0.004899738 0.004899738 0.004899738 0.004899738 0.004899738 0.004899738 0.004899738 0.004899738 0.004899738 0.004899738 0.004899738 0.004899738 0.004899738 0.004899738 0.004899738 0.004899738 0.004899738 0.004899738 0.004899738 0.004899738 0.004899738 0.004899738 0.004899738 0.004899738 0.004899738 0.004899738 0.004899738 0.004899738 0.004899738 0.004899738 0.004899738 0.004899738 0.004899738 0.004899738 0.004899738 0.004899738 
